FAILED
10.816425 10.445972  9.335630  9.117389  9.044503 10.101126 12.184668 14.869689 18.643756 24.802061 28.171217 34.096640 38.766463 40.910916 49.089348 53.239241 
          10.419620  9.149606  8.878988  8.647698  9.430754 11.294697 13.782685 17.358621 23.254127 26.505802 32.246634 36.785292 38.873447 46.843031 50.896689 
                     8.907729  8.478423  7.767221  7.721454  8.920086 10.811125 13.786790 18.886097 21.781844 26.963423 31.104694 33.022285 40.359125 44.121222 
                               8.452396  7.583767  7.266121  8.246510  9.941732 12.720489 17.558619 20.337610 25.335736 29.346651 31.208293 38.337573 42.004029 
                                         7.345717  6.205833  6.526195  7.629210  9.812465 13.860721 16.286612 20.729926 24.346611 26.039044 32.540607 35.917817 
                                                   5.495820  4.676298  4.756558  5.911364  8.595488 10.411565 13.896707 16.832545 18.232751 23.650230 26.527906 
                                                             4.218794  3.478067  3.807318  5.396426  6.722992  9.438990 11.828298 12.993928 17.541191 20.017880 
                                                                       3.109754  2.698278  3.304888  4.192243  6.218129  8.117066  9.072223 12.838689 14.955595 
                                                                                 2.325853  1.944496  2.390195  3.722129  5.127965  5.871477  8.852800 10.607919 
                                                                                           1.289277  1.149165  1.560642  2.312430  2.775218  4.715128  5.990375 
                                                                                                     1.018226  1.018226  1.477633  1.814926  3.289289  4.350017 
                                                                                                               0.694960  0.694960  0.835071  1.577940  2.301604 
                                                                                                                         0.531740  0.531740  0.754833  1.238990 
                                                                                                                                   0.501671  0.501671  0.883028 
                                                                                                                                             0.087863  0.087863 
                                                                                                                                                       0.000000 
